c This instance has been generated with tspgen 
c https://github.com/xgillard/tspgen           
c --- centroids -------------------------------
c    3.87999   50.33557
c    2.55574   50.49284
c    2.39209   50.29893
c    5.77087   50.46386
c    5.80595   50.70173
c    2.92463   50.78888
c    3.23095   50.34677
c    2.65717   50.97778
c    4.71095   50.83167
c    5.60445   50.38292
c --- cities ----------------------------------
c    3.88102   50.32240
c    2.38198   50.49738
c    2.41015   50.29048
c    5.81118   50.45815
c    5.75606   50.75605
c    2.87383   50.83196
c    3.33806   50.26136
c    2.68985   50.97269
c    4.58323   50.98398
c    5.61777   50.36568
c --- destinations -------------------------------
        0.00000      6189.39990      6607.20020      8088.10010      7292.10010      5574.50000      2421.39990      6557.60010      6194.89990      8100.89990 
     6261.39990         0.00000      2374.80005     12860.50000     12064.50000      4947.39990      4732.29980      4997.20020     10390.50000     12873.29980 
     6550.89990      2375.60010         0.00000     13150.00000     12354.00000      5951.79980      4728.79980      6687.79980     10820.50000     13162.79980 
     8223.70020     12981.79980     13399.59961         0.00000      2842.60010     11019.79980      9213.79980     11598.90039      6725.50000      2028.09998 
     7319.70020     12077.79980     12495.59961      2855.50000         0.00000     10028.90039      8309.79980     10608.00000      5734.60010      3554.80005 
     5570.00000      4887.70020      5923.39990     10863.59961     10008.00000         0.00000      4942.50000      1721.19995      7108.10010     11148.59961 
     2364.69995      4604.20020      4767.79980      8963.79980      8167.79980      4902.00000         0.00000      5773.79980      7070.60010      8976.59961 
     6579.79980      4965.20020      6667.79980     11576.50000     10720.90039      1700.59998      5841.70020         0.00000      7821.00000     11861.50000 
     6306.70020     10282.79980     10692.70020      6735.60010      5880.00000      7260.39990      7296.79980      7839.50000         0.00000      7020.60010 
     8168.70020     12926.79980     13344.59961      2082.80005      3609.69995     11136.59961      9158.79980     11924.90039      7051.50000         0.00000 
