c This instance has been generated with tspgen 
c https://github.com/xgillard/tspgen           
c --- centroids -------------------------------
c    4.22658   44.77383
c   -0.96871   44.15720
c    2.91815   44.48708
c   -0.47736   48.66803
c   -4.07043   43.16827
c --- cities ----------------------------------
c    4.35758   44.98314
c    4.37219   44.82967
c   -1.03827   44.29495
c   -1.06007   44.26450
c    2.91997   44.35491
c    2.78508   44.44898
c   -0.38192   48.60822
c   -0.49266   48.68035
c   -3.97967   43.24624
c   -4.11871   43.12538
c --- destinations -------------------------------
        0.00000      2348.39990     28308.50000     28657.00000     11104.20020     12230.00000     29428.90039     29882.09961     42146.19922     45664.89844 
     2348.19995         0.00000     29289.50000     29638.00000     10798.40039     11924.20020     30409.90039     30863.09961     41513.89844     45032.60156 
    28137.80078     29153.50000         0.00000      1318.69995     20387.50000     20017.30078     25491.19922     25944.40039     18394.90039     21913.59961 
    28488.19922     29503.90039      1318.50000         0.00000     20737.90039     20367.69922     25841.59961     26294.80078     18623.80078     22142.50000 
    11138.59961     10800.29980     20355.19922     20703.69922         0.00000      1210.30005     28204.80078     28658.00000     31799.30078     35318.00000 
    12202.20020     11863.90039     19975.30078     20323.80078      1225.69995         0.00000     29268.40039     29721.59961     31419.40039     34938.10156 
    29502.40039     30518.09961     25549.69922     25898.19922     28272.30078     29398.09961         0.00000       861.40002     40601.19922     44119.89844 
    29927.50000     30943.19922     25974.80078     26323.30078     28697.40039     29823.19922       863.40002         0.00000     41026.30078     44545.00000 
    42082.00000     41474.39844     18329.19922     18528.50000     31720.69922     31350.50000     40460.69922     40913.89844         0.00000      7179.60010 
    45533.69922     44926.10156     21780.90039     21980.19922     35172.39844     34802.19922     43912.39844     44365.60156      7167.39990         0.00000 
